1: 1664968
2: 3 747213 1664968 1691047 4095634 5535664
3: 9 77935 79583 84707 564578 594898 681805 681886 835470 880698 1109091 1125108 1279972 1463445 1497566 1783284 1997564 2006526 2070954 2250217 2268713 2276203 2374802 2571397 2640902 2647217 2732378 2821237 3088028 3092827 3211549 3283735 3491412 3492254 3498305 3505664 3547201 3603437 3617913 3793767 3907547 4021634 4025897 4086017 4183126 4184025 4189168 4192731 4395141 4899940 4987592 4999120 5017477 5149173 5149311 5158741 5223097 5302153 5474252 5535280
4: 145
5: 8 57544 58089 60048 65880 284186 313376 564578 717529 729993 1097284 1204280 1204407 1255317 1670218 1720928 1850305 2269887 2333350 2359764 2640693 2743982 3303009 3322952 3492254 3573013 3721693 3797343 3797349 3797359 3849461 4033556 4173124 4189215 4207986 4669945 4817900 4901416 5010479 5062062 5072938 5098953 5292042 5429924 5599862 5599863 5689049
6: 8
7: 8
8: 5 57544 58089 59375 64985 313376 704624 717529 729993 1204280 1204407 1254637 1255317 1497566 1720928 1850305 2269887 2333350 2359764 2496900 2640848 2743982 3303009 3322952 3492254 3573013 3797343 3797349 3797359 4033556 4173124 4189168 4206743 4207986 4393611 4813259 4901416 5010479 5062062 5072938 5098953 5292042 5429924 5599862 5599863
9: 3 74106 75221 275656 313376 1279972 1565872 1613838 1997564 2640650 3092827 3491412 3492254 3956845 3973207 4025897 4189168 4189215 4813259
10: 3
11: 60956 313376 322893 497519 499246 594399 801968 806840 1123171 1228259 1463265 1892998 2022036 2070954 2639079 3492254 3594794 3967074 4096317 4189168 4189215 4273212 4611415 4708418 4813259 5300058 5575496
12: 5
13: 5534647
14: 4116750
15: 4095634
16: 5534647
17: 5703728
18: 4207272
19: 2402613
20: 2402613
22: 4095634
23: 5688890
24: 205444 530901 1601519 2583882 3072654 3492254 3498305 4096317 4189168 4638601 4751151 5242252
25: 5688891
26: 5688892
27: 5688893
28: 5688894
29: 5688893
30: 5688896
31: 267480
32: 5688896
33: 5688899
34: 5688900
35: 5688901
36: 5688902
37: 5688903
38: 5688904
39: 5688904
40: 5688906
41: 5108264
42: 5688910
43: 5688909
44: 45
45: 77935 349575 730133 1050004 1296303 1438941 1861146 2238687 2415295 2496868 2504674 2518439 2640161 2806797 3270463 3523345 3709479 3877647 4068200 4068202 4267445 4745746 4786041 4884810 4884863 4950172 5061591 5300058 5444196 5445898 5596573
46: 5688911
47: 5688912
48: 5688912
49: 5688914
50: 5496703
51: 5688916
52: 5688916
53: 1965054
54: 5688918
55: 5688921
56: 5688923
57: 5688925
58: 5688925
59: 4536608
60: 4536608
61: 4536608
62: 4536608
63: 65
64: 5688927
65: 66 373621 497364 660675 668841 726925 801925 875721 1054785 1137604 1264295 1485934 1506476 1525691 1707455 1875197 1891648 2012305 2016813 2495798 2531695 2531937 2533922 2566623 2630316 2630470 3234828 3253028 3345822 3603437 3681859 3880666 3918951 3999143 3999230 4040762 4140473 4186673 4208272 4222476 4288342 4444399 4629446 4732884 4867692 4877498
66: 65 76573 275656 373621 462484 497364 660675 726925 1051918 1054809 1081160 1786747 1872865 1875197 2013257 2016813 2495798 2531695 2531937 2566623 3234828 3253028 3345822 3492254 3880666 3918951 3999230 4040762 4140473 4186673 4189168 4189215 4288238 4288342 4444399 4530182 4629446 4732884 4813259 4877491 4877498 5029787 5361565
67: 5688928
68: 2965227
69: 5703728
70: 2810730
71: 4813077
72: 4813077
73: 5688931
74: 5688931
75: 5703728
76: 2783730
77: 5703728
78: 5703727
79: 5703729
80: 5703729
81: 5703728
82: 5703729
83: 5703729
84: 5665378
85: 5688933
86: 5688937
87: 5688937
88: 5079330
89: 5079330
90: 5703728
91: 5703728
92: 3721245
93: 3549534
94: 436730
95: 5688942
96: 2783730
97: 5688943
98: 5688946
99: 5688946
100: 5689134
101: 5688957